[gd_scene load_steps=6 format=3 uid="uid://dkgo5dcwkv256"]

[ext_resource type="Script" path="res://scripts/FollowCamera.gd" id="1_f5amo"]

[sub_resource type="ORMMaterial3D" id="ORMMaterial3D_gr7ej"]
albedo_color = Color(0, 0, 0, 1)
distance_fade_mode = 1
distance_fade_max_distance = 0.1

[sub_resource type="PlaneMesh" id="PlaneMesh_jja5p"]
material = SubResource("ORMMaterial3D_gr7ej")

[sub_resource type="Animation" id="Animation_c61jk"]
resource_name = "FadeOut"
tracks/0/type = "value"
tracks/0/imported = false
tracks/0/enabled = true
tracks/0/path = NodePath("SpringArm3D/Camera3D/MeshInstance3D:position")
tracks/0/interp = 1
tracks/0/loop_wrap = true
tracks/0/keys = {
"times": PackedFloat32Array(0, 1),
"transitions": PackedFloat32Array(1, 1),
"update": 0,
"values": [Vector3(0, 0.00361115, -0.0212533), Vector3(0, 0.004, -0.3)]
}

[sub_resource type="AnimationLibrary" id="AnimationLibrary_pbj3y"]
_data = {
"FadeOut": SubResource("Animation_c61jk")
}

[node name="FollowCamera" type="Node3D"]
transform = Transform3D(1, 0, 0, 0, 0.997744, 0.0671272, 0, -0.0671272, 0.997744, 0, 0, 0)
script = ExtResource("1_f5amo")

[node name="SpringArm3D" type="SpringArm3D" parent="."]
transform = Transform3D(1, -1.3319e-08, 1.17028e-07, 5.29448e-09, 1, 3.72529e-08, -1.61938e-07, -5.21541e-08, 1, 0, 0.903567, 0.425787)
spring_length = 2.0

[node name="Camera3D" type="Camera3D" parent="SpringArm3D"]
transform = Transform3D(1, 2.50652e-08, -1.15086e-07, -5.29449e-09, 0.994892, 0.100952, 1.61938e-07, -0.100952, 0.994892, -2.33363e-07, 0.00498301, 1.99464)

[node name="MeshInstance3D" type="MeshInstance3D" parent="SpringArm3D/Camera3D"]
transform = Transform3D(-1, 8.3447e-08, 2.60643e-08, 3.04116e-08, 0.052528, 0.998621, 8.19627e-08, 0.998621, -0.0525281, 0, 0.00361115, -0.0212533)
mesh = SubResource("PlaneMesh_jja5p")

[node name="FadeAnimationPlayer" type="AnimationPlayer" parent="."]
libraries = {
"": SubResource("AnimationLibrary_pbj3y")
}
